10 20
4 5 10 4 1
1 12
1 19
4 6 3 11 18
1 16
1 15
3 9 17 13
1 14
2 8 2
2 7 20
10 5
5 12 20 5 1 4
2 12 2
2 13 6
7 10 17 3 9 13 2 14
2 16 20
7 7 3 10 16 5 14 2
8 1 7 17 14 15 13 11 9
2 9 4
6 14 5 2 17 13 9
5 18 9 8 6 5
2 13 9
5 2 7 3 18 5
7 8 20 12 4 1 19 15
6 9 14 19 5 8 16
2 9 12
19 6
3 15
2 8 9
7 2 3 4 7 12 13 14
6 1 5 6 10 11 15
3 3
5 1 2 3 4 5
3 1 6 11
4 4 8 12 11
6 2 7 12 13 14 15
3 5 10 15
6 1 2 3 8 9 10
11 6
3 15
2 8 9
7 2 3 4 7 12 13 14
6 1 5 6 10 11 15
3 3
5 1 2 3 4 5
3 1 6 11
4 4 8 12 11
6 2 7 12 13 14 15
3 5 10 15
6 1 2 3 8 9 10
11 5
3 15
2 8 9
7 2 3 4 7 12 13 14
6 1 5 6 10 11 15
3 3
5 1 2 3 4 5
3 1 6 11
4 4 8 12 11
6 2 7 12 13 14 15
3 5 10 15
6 1 2 3 8 9 10
11 8
3 45
15 1 2 3 4 5 6 7 8 9 10 11 12 13 14 15
15 16 17 18 19 20 21 22 23 24 25 26 27 28 29 30
15 31 32 33 34 35 36 37 38 39 40 41 42 43 44 45
42 2
2 1 2
2 2 3
2 3 4
2 4 5
2 5 6
2 6 7
2 7 8
2 8 9
2 9 10
2 10 11
2 11 12
2 12 13
2 13 14
2 14 15
2 16 17
2 17 18
2 18 19
2 19 20
2 20 21
2 21 22
2 22 23
2 23 24
2 24 25
2 25 26
2 26 27
2 27 28
2 28 29
2 29 30
2 31 32
2 32 33
2 33 34
2 34 35
2 35 36
2 36 37
2 37 38
2 38 39
2 39 40
2 40 41
2 41 42
2 42 43
2 43 44
2 44 45
2 15 30
2 16 31
1 45
15 45
3 1 2 3
3 4 5 6
3 7 8 9
3 10 11 12
3 13 14 15
3 16 17 18
3 19 20 21
3 22 23 24
3 25 26 27
3 28 29 30
3 31 32 33
3 34 35 36
3 37 38 39
3 40 41 42
3 43 44 45
30 14
2 1 2
2 2 3
2 4 5
2 5 6
2 7 8
2 8 9
2 10 11
2 11 12
2 13 14
2 14 15
2 16 17
2 17 18
2 19 20
2 20 21
2 22 23
2 23 24
2 25 26
2 26 27
2 28 29
2 29 30
2 31 32
2 32 33
2 34 35
2 35 36
2 37 38
2 38 39
2 40 41
2 41 42
2 43 44
2 44 45
2 3 6
2 4 7
2 9 12
2 10 13
2 15 18
2 16 19
2 21 24
2 22 25
2 27 30
2 28 31
2 33 36
2 34 37
2 39 42
2 40 43
1 45
0 0
