3 15
2 8 9
7 2 3 4 7 12 13 14
6 1 5 6 10 11 15
3 3
5 1 2 3 4 5
3 1 6 11
4 4 8 12 11
6 2 7 12 13 14 15
3 5 10 15
6 1 2 3 8 9 10
11 6
3 15
2 8 9
7 2 3 4 7 12 13 14
6 1 5 6 10 11 15
3 3
5 1 2 3 4 5
3 1 6 11
4 4 8 12 11
6 2 7 12 13 14 15
3 5 10 15
6 1 2 3 8 9 10
11 5
10 20
4 5 10 4 1
1 12
1 19
4 6 3 11 18
1 16
1 15
3 9 17 13
1 14
2 8 2
2 7 20
10 5
5 12 20 5 1 4
2 12 2
2 13 6
7 10 17 3 9 13 2 14
2 16 20
7 7 3 10 16 5 14 2
8 1 7 17 14 15 13 11 9
2 9 4
6 14 5 2 17 13 9
5 18 9 8 6 5
2 13 9
5 2 7 3 18 5
7 8 20 12 4 1 19 15
6 9 14 19 5 8 16
2 9 12
19 6
0 0
